
J1     J2     J3     J4     J5     J6     J7
+1  -1,00      0      0      0      0      0
+2  -0,50  -1,50      0      0      0      0
+3  -0,30  -1,00  -1,70      0      0      0
+4  +0,00  -0,75  -1,40  -1,85      0      0
+5  +0,35  -0,50  -1,10  -1,65  -2,10      0
+6  +0,70  -0,10  -0,80  -1,40  -1,95  -2,45


CAMPIONATE
J1     J2     J3     J4     J5     J6     J7     J8
+1  -1,00      0      0      0      0      0      0
+2  -0,50  -1,50      0      0      0      0      0
+3  -0,30  -1,00  -1,70      0      0      0      0
+4   0,00  -0,75  -1,40  -1,85      0      0      0
+5  +0,35  -0,50  -1,10  -1,65  -2,10      0      0
+6  +0,70  -0,10  -0,80  -1,40  -1,95  -2,45      0
+7  +1,20  +0,30  -0,45  -1,15  -1,80  -2,35  -2,75

90 75 70 65 55 45


80 70 60 55 50


